2
100 259 19
0 1 1
1 2 1
2 3 1
3 4 1
4 5 1
5 6 1
6 7 1
7 8 1
8 9 1
9 10 1
10 11 1
11 12 1
12 13 1
13 14 1
14 15 1
15 16 1
16 17 1
17 18 1
18 19 1
19 20 1
20 21 1
21 22 1
22 23 1
23 24 1
24 25 1
25 26 1
26 27 1
27 28 1
28 29 1
29 30 1
30 31 1
31 32 1
32 33 1
33 34 1
34 35 1
35 36 1
36 37 1
37 38 1
38 39 1
39 40 1
40 41 1
41 42 1
42 43 1
43 44 1
44 45 1
45 46 1
46 47 1
47 48 1
48 49 1
49 50 1
50 51 1
51 52 1
52 53 1
53 54 1
54 55 1
55 56 1
56 57 1
57 58 1
58 59 1
59 60 1
60 61 1
61 62 1
62 63 1
63 64 1
64 65 1
65 66 1
66 67 1
67 68 1
68 69 1
69 70 1
70 71 1
71 72 1
72 73 1
73 74 1
74 75 1
75 76 1
76 77 1
77 78 1
78 79 1
79 80 1
80 81 1
81 82 1
82 83 1
83 84 1
84 85 1
85 86 1
86 87 1
87 88 1
88 89 1
89 90 1
90 91 1
91 92 1
92 93 1
93 94 1
94 95 1
95 96 1
96 97 1
97 98 1
98 99 1
99 0 1
47 8 1
35 0 1
94 46 1
72 30 1
55 79 1
96 37 1
72 1 1
47 85 1
21 18 1
92 68 1
72 42 1
51 17 1
50 35 1
66 94 1
19 89 1
15 59 1
4 26 1
52 88 1
80 57 1
75 34 1
17 91 1
37 97 1
13 64 1
42 88 1
2 85 1
91 26 1
87 94 1
55 8 1
74 91 1
37 63 1
26 39 1
38 51 1
36 8 1
70 32 1
37 56 1
29 67 1
5 83 1
84 37 1
47 78 1
60 24 1
47 20 1
64 59 1
4 22 1
91 9 1
47 51 1
0 40 1
85 0 1
36 58 1
41 58 1
51 25 1
88 24 1
14 5 1
86 93 1
87 3 1
54 9 1
84 27 1
34 12 1
62 49 1
47 0 1
35 93 1
71 57 1
77 3 1
16 87 1
24 4 1
64 62 1
98 94 1
14 9 1
7 51 1
11 3 1
93 61 1
11 65 1
4 16 1
91 49 1
80 35 1
62 18 1
97 41 1
14 87 1
4 65 1
12 17 1
18 32 1
87 64 1
55 95 1
50 5 1
5 38 1
44 27 1
67 36 1
36 80 1
48 79 1
69 33 1
56 47 1
8 88 1
28 6 1
20 0 1
93 79 1
64 6 1
19 79 1
23 79 1
75 83 1
60 98 1
87 47 1
25 64 1
48 46 1
42 45 1
85 64 1
33 13 1
2 24 1
76 62 1
39 18 1
65 91 1
25 68 1
77 25 1
73 43 1
21 50 1
57 48 1
89 16 1
20 35 1
77 58 1
62 44 1
36 97 1
34 29 1
62 80 1
45 19 1
71 48 1
96 32 1
6 51 1
50 77 1
11 15 1
17 67 1
35 27 1
65 51 1
80 21 1
20 50 1
15 30 1
3 46 1
17 3 1
93 82 1
91 36 1
72 35 1
32 10 1
22 68 1
98 65 1
1 59 1
89 0 1
16 60 1
82 40 1
81 23 1
71 16 1
28 7 1
63 19 1
21 85 1
85 99 1
63 99 1
0 18 1
82 23 1
19 54 1
24 54 1
90 94 1
34 56 1
70 15 1
200 990 154
0 1 1
1 2 1
2 3 1
3 4 1
4 5 1
5 6 1
6 7 1
7 8 1
8 9 1
9 10 1
10 11 1
11 12 1
12 13 1
13 14 1
14 15 1
15 16 1
16 17 1
17 18 1
18 19 1
19 20 1
20 21 1
21 22 1
22 23 1
23 24 1
24 25 1
25 26 1
26 27 1
27 28 1
28 29 1
29 30 1
30 31 1
31 32 1
32 33 1
33 34 1
34 35 1
35 36 1
36 37 1
37 38 1
38 39 1
39 40 1
40 41 1
41 42 1
42 43 1
43 44 1
44 45 1
45 46 1
46 47 1
47 48 1
48 49 1
49 50 1
50 51 1
51 52 1
52 53 1
53 54 1
54 55 1
55 56 1
56 57 1
57 58 1
58 59 1
59 60 1
60 61 1
61 62 1
62 63 1
63 64 1
64 65 1
65 66 1
66 67 1
67 68 1
68 69 1
69 70 1
70 71 1
71 72 1
72 73 1
73 74 1
74 75 1
75 76 1
76 77 1
77 78 1
78 79 1
79 80 1
80 81 1
81 82 1
82 83 1
83 84 1
84 85 1
85 86 1
86 87 1
87 88 1
88 89 1
89 90 1
90 91 1
91 92 1
92 93 1
93 94 1
94 95 1
95 96 1
96 97 1
97 98 1
98 99 1
99 100 1
100 101 1
101 102 1
102 103 1
103 104 1
104 105 1
105 106 1
106 107 1
107 108 1
108 109 1
109 110 1
110 111 1
111 112 1
112 113 1
113 114 1
114 115 1
115 116 1
116 117 1
117 118 1
118 119 1
119 120 1
120 121 1
121 122 1
122 123 1
123 124 1
124 125 1
125 126 1
126 127 1
127 128 1
128 129 1
129 130 1
130 131 1
131 132 1
132 133 1
133 134 1
134 135 1
135 136 1
136 137 1
137 138 1
138 139 1
139 140 1
140 141 1
141 142 1
142 143 1
143 144 1
144 145 1
145 146 1
146 147 1
147 148 1
148 149 1
149 150 1
150 151 1
151 152 1
152 153 1
153 154 1
154 155 1
155 156 1
156 157 1
157 158 1
158 159 1
159 160 1
160 161 1
161 162 1
162 163 1
163 164 1
164 165 1
165 166 1
166 167 1
167 168 1
168 169 1
169 170 1
170 171 1
171 172 1
172 173 1
173 174 1
174 175 1
175 176 1
176 177 1
177 178 1
178 179 1
179 180 1
180 181 1
181 182 1
182 183 1
183 184 1
184 185 1
185 186 1
186 187 1
187 188 1
188 189 1
189 190 1
190 191 1
191 192 1
192 193 1
193 194 1
194 195 1
195 196 1
196 197 1
197 198 1
198 199 1
199 0 1
153 175 1
2 94 1
127 148 1
192 78 1
159 166 1
79 103 1
162 55 1
77 138 1
58 34 1
36 187 1
62 163 1
91 82 1
27 191 1
14 98 1
126 87 1
28 72 1
127 33 1
40 174 1
104 120 1
83 113 1
199 173 1
159 184 1
71 69 1
31 198 1
158 197 1
13 74 1
42 28 1
195 172 1
117 32 1
71 171 1
67 100 1
17 101 1
170 152 1
22 62 1
137 1 1
74 157 1
140 115 1
178 147 1
79 12 1
144 13 1
153 18 1
114 44 1
75 160 1
53 124 1
16 29 1
165 73 1
120 174 1
129 73 1
144 173 1
29 181 1
4 121 1
39 81 1
63 40 1
46 183 1
58 51 1
136 151 1
3 81 1
108 19 1
56 62 1
55 191 1
117 197 1
82 110 1
162 100 1
83 155 1
1 159 1
115 181 1
54 152 1
153 127 1
8 29 1
157 78 1
55 66 1
159 148 1
190 33 1
177 37 1
58 111 1
90 0 1
172 176 1
157 104 1
148 46 1
65 20 1
86 38 1
194 60 1
114 76 1
184 101 1
102 185 1
150 94 1
63 49 1
198 44 1
184 50 1
154 27 1
193 129 1
20 103 1
69 168 1
36 60 1
58 108 1
199 35 1
152 107 1
14 159 1
139 52 1
130 76 1
17 56 1
73 137 1
67 46 1
49 100 1
56 132 1
44 54 1
12 24 1
93 9 1
52 198 1
90 167 1
78 131 1
99 133 1
31 25 1
26 40 1
20 27 1
171 30 1
197 36 1
94 9 1
183 171 1
106 15 1
178 90 1
140 166 1
2 39 1
112 54 1
153 178 1
56 7 1
37 104 1
67 76 1
118 144 1
31 72 1
194 116 1
90 72 1
44 162 1
165 193 1
59 131 1
162 156 1
167 83 1
80 119 1
106 59 1
157 191 1
100 180 1
75 122 1
119 77 1
174 73 1
84 174 1
165 5 1
46 186 1
197 145 1
175 26 1
109 182 1
90 11 1
137 19 1
138 92 1
131 34 1
173 123 1
141 10 1
100 104 1
21 91 1
51 148 1
43 186 1
198 87 1
88 50 1
40 155 1
147 155 1
111 44 1
146 194 1
111 122 1
126 146 1
148 49 1
27 97 1
164 88 1
46 174 1
60 42 1
191 26 1
186 18 1
145 196 1
88 106 1
110 142 1
115 76 1
144 108 1
145 83 1
169 71 1
104 58 1
151 76 1
164 84 1
185 36 1
30 62 1
143 51 1
165 38 1
105 24 1
1 181 1
109 14 1
109 25 1
157 147 1
84 126 1
16 71 1
96 149 1
103 199 1
167 61 1
26 91 1
183 162 1
93 148 1
67 171 1
126 194 1
144 189 1
56 148 1
116 27 1
104 135 1
46 161 1
104 88 1
102 197 1
94 161 1
169 92 1
50 34 1
23 79 1
84 123 1
30 195 1
176 4 1
15 73 1
20 63 1
151 195 1
137 185 1
41 64 1
16 197 1
161 66 1
127 90 1
180 54 1
28 14 1
143 84 1
98 138 1
117 96 1
154 191 1
117 0 1
147 145 1
51 54 1
109 132 1
190 168 1
74 93 1
10 70 1
150 130 1
167 124 1
16 4 1
121 114 1
10 28 1
145 104 1
94 12 1
188 69 1
9 119 1
195 170 1
181 123 1
43 178 1
185 158 1
109 197 1
139 15 1
185 22 1
97 182 1
174 57 1
140 183 1
133 16 1
7 123 1
47 128 1
76 128 1
182 34 1
117 145 1
93 21 1
113 37 1
36 50 1
109 71 1
124 197 1
138 130 1
80 135 1
75 154 1
184 106 1
147 180 1
137 20 1
108 110 1
125 71 1
13 128 1
120 8 1
100 27 1
107 63 1
180 65 1
116 86 1
72 30 1
21 150 1
49 13 1
195 14 1
172 158 1
114 30 1
48 70 1
184 163 1
166 135 1
143 99 1
41 18 1
55 92 1
153 2 1
156 183 1
67 195 1
43 83 1
187 35 1
130 0 1
93 95 1
113 176 1
55 113 1
92 5 1
115 129 1
138 63 1
116 130 1
3 52 1
15 119 1
93 141 1
69 141 1
39 103 1
141 178 1
26 135 1
23 110 1
77 2 1
190 73 1
176 84 1
158 86 1
84 150 1
15 190 1
33 142 1
47 56 1
143 138 1
135 55 1
17 196 1
183 164 1
126 141 1
132 158 1
58 195 1
51 24 1
181 85 1
54 34 1
10 121 1
182 146 1
27 123 1
1 44 1
187 177 1
23 119 1
88 147 1
122 186 1
40 136 1
184 58 1
21 8 1
177 199 1
24 88 1
130 177 1
154 194 1
22 192 1
10 183 1
185 50 1
156 75 1
130 31 1
75 73 1
115 124 1
26 73 1
162 189 1
56 32 1
45 14 1
18 127 1
41 3 1
61 126 1
44 78 1
149 34 1
132 121 1
95 60 1
191 29 1
14 68 1
76 122 1
116 182 1
186 24 1
118 180 1
64 5 1
86 36 1
173 40 1
155 179 1
89 182 1
195 106 1
107 91 1
156 193 1
180 52 1
64 153 1
103 30 1
123 16 1
161 116 1
83 153 1
196 1 1
140 92 1
162 116 1
32 170 1
87 21 1
72 34 1
194 77 1
39 153 1
186 39 1
54 80 1
19 183 1
135 33 1
8 65 1
182 139 1
35 165 1
172 70 1
43 106 1
190 49 1
118 74 1
95 4 1
64 173 1
169 30 1
88 177 1
133 68 1
122 22 1
0 149 1
66 68 1
105 142 1
13 65 1
169 25 1
87 137 1
140 86 1
150 147 1
15 186 1
159 161 1
115 8 1
48 136 1
41 134 1
70 105 1
21 73 1
192 27 1
59 169 1
25 52 1
160 123 1
36 70 1
59 48 1
118 30 1
52 123 1
192 64 1
83 39 1
10 73 1
192 10 1
33 171 1
33 185 1
132 37 1
64 184 1
19 73 1
12 114 1
25 19 1
182 160 1
148 190 1
183 173 1
138 120 1
137 113 1
111 89 1
115 123 1
196 72 1
112 5 1
146 167 1
90 171 1
167 9 1
122 68 1
176 120 1
120 91 1
185 114 1
24 16 1
93 78 1
48 102 1
195 100 1
108 119 1
181 95 1
18 132 1
8 15 1
19 26 1
119 149 1
121 131 1
143 98 1
136 112 1
27 131 1
79 181 1
97 71 1
25 157 1
148 171 1
87 184 1
67 126 1
160 122 1
170 41 1
108 182 1
128 90 1
101 99 1
33 113 1
79 173 1
5 121 1
42 71 1
137 75 1
166 96 1
52 72 1
86 68 1
76 62 1
151 197 1
74 149 1
147 8 1
75 50 1
89 173 1
168 196 1
80 10 1
9 53 1
84 167 1
142 74 1
183 167 1
134 143 1
107 13 1
16 149 1
37 29 1
130 5 1
86 114 1
124 67 1
14 50 1
10 89 1
41 85 1
83 31 1
21 170 1
134 39 1
64 77 1
183 143 1
74 125 1
153 98 1
30 174 1
30 144 1
55 122 1
101 32 1
193 53 1
124 35 1
77 1 1
142 138 1
41 103 1
182 114 1
79 95 1
53 111 1
165 74 1
177 24 1
109 54 1
30 73 1
77 122 1
185 142 1
122 59 1
67 63 1
193 150 1
82 190 1
151 102 1
14 161 1
145 40 1
19 188 1
22 134 1
122 199 1
123 25 1
37 112 1
127 98 1
187 146 1
49 179 1
176 110 1
62 129 1
185 144 1
8 76 1
111 158 1
187 91 1
114 189 1
114 178 1
111 157 1
57 93 1
13 45 1
196 177 1
148 153 1
112 57 1
7 163 1
160 183 1
44 129 1
196 155 1
74 86 1
36 25 1
194 107 1
3 134 1
49 150 1
154 83 1
117 139 1
122 181 1
53 91 1
127 100 1
198 139 1
49 74 1
27 134 1
180 63 1
165 85 1
146 3 1
140 22 1
159 3 1
60 83 1
182 144 1
187 133 1
91 108 1
35 32 1
88 46 1
131 136 1
3 112 1
82 172 1
152 23 1
143 195 1
187 162 1
26 116 1
97 199 1
15 18 1
144 43 1
141 80 1
140 97 1
122 57 1
163 60 1
137 107 1
59 136 1
86 109 1
105 103 1
38 118 1
10 144 1
15 50 1
84 102 1
138 48 1
20 1 1
103 97 1
44 33 1
93 40 1
99 66 1
60 133 1
72 53 1
67 138 1
55 1 1
139 53 1
42 153 1
20 8 1
36 175 1
143 45 1
42 65 1
51 118 1
3 124 1
100 132 1
50 159 1
153 158 1
129 1 1
85 37 1
24 197 1
16 174 1
62 60 1
113 13 1
126 176 1
130 53 1
173 143 1
22 153 1
131 2 1
111 174 1
46 16 1
32 172 1
170 197 1
157 5 1
88 115 1
138 2 1
122 102 1
139 66 1
13 78 1
60 52 1
136 193 1
90 32 1
124 184 1
98 193 1
133 179 1
0 197 1
97 143 1
10 72 1
46 150 1
14 125 1
0 127 1
65 151 1
139 136 1
154 31 1
70 130 1
7 87 1
49 172 1
182 95 1
184 178 1
94 53 1
160 95 1
7 66 1
138 121 1
31 51 1
134 84 1
71 133 1
170 98 1
30 21 1
146 161 1
20 126 1
26 53 1
97 44 1
106 152 1
182 41 1
185 31 1
92 150 1
53 47 1
124 29 1
114 80 1
136 172 1
2 120 1
96 156 1
11 171 1
159 11 1
127 10 1
103 143 1
160 33 1
105 156 1
2 134 1
114 120 1
94 190 1
171 4 1
12 66 1
128 22 1
40 123 1
35 69 1
9 105 1
137 4 1
118 66 1
117 195 1
161 105 1
84 162 1
129 29 1
73 191 1
26 44 1
50 138 1
56 48 1
43 71 1
124 41 1
73 68 1
77 34 1
139 16 1
26 43 1
185 16 1
65 179 1
17 72 1
196 182 1
60 82 1
40 53 1
58 141 1
14 120 1
22 12 1
52 111 1
5 154 1
32 8 1
89 142 1
107 138 1
66 188 1
11 122 1
116 132 1
97 108 1
118 55 1
85 52 1
90 175 1
14 149 1
65 174 1
111 10 1
185 162 1
6 51 1
193 119 1
126 106 1
115 54 1
159 191 1
19 21 1
53 49 1
160 134 1
39 62 1
17 133 1
144 148 1
194 4 1
131 56 1
7 57 1
27 72 1
8 194 1
17 92 1
181 112 1
57 74 1
4 154 1
95 51 1
89 107 1
62 143 1
101 191 1
113 192 1
22 158 1
157 9 1
63 23 1