5
15 111
0 1
0 1
0 2
0 2
0 3
0 3
0 4
0 4
0 5
0 5
0 6
0 6
0 7
0 7
0 7
0 8
0 8
0 9
0 9
0 10
0 10
0 11
0 11
0 12
0 12
0 13
0 13
0 14
0 14
1 3
1 3
1 4
1 4
1 5
1 5
1 7
1 7
1 7
1 7
1 9
1 9
1 12
1 12
2 3
2 3
2 4
2 4
2 6
2 6
2 9
2 9
2 12
2 12
2 12
2 12
2 13
2 13
2 14
2 14
3 4
3 4
3 5
3 5
3 10
3 10
3 12
3 12
4 5
4 5
4 8
4 8
4 9
4 9
4 10
4 10
5 6
5 6
5 8
5 8
5 10
5 10
5 12
5 12
6 8
6 8
6 14
6 14
7 11
7 11
7 14
7 14
8 11
8 11
8 14
8 14
9 10
9 10
9 11
9 11
9 11
9 11
9 12
9 12
9 12
9 12
10 11
10 11
10 14
10 14
11 12
11 12
33 406
0 1
0 1
0 2
0 2
0 3
0 3
0 4
0 4
0 5
0 5
0 6
0 6
0 7
0 7
0 8
0 8
0 9
0 9
0 10
0 10
0 11
0 11
0 12
0 12
0 13
0 13
0 14
0 14
0 15
0 15
0 16
0 16
0 17
0 17
0 18
0 18
0 19
0 19
0 20
0 20
0 21
0 21
0 22
0 22
0 23
0 23
0 24
0 24
0 25
0 25
0 26
0 26
0 27
0 27
0 28
0 28
0 29
0 29
0 30
0 30
0 31
0 31
0 32
0 32
1 8
1 8
1 11
1 11
1 12
1 12
1 14
1 14
1 14
1 14
1 18
1 18
1 21
1 21
1 25
1 25
1 30
1 30
1 31
1 31
1 31
1 31
1 32
1 32
2 10
2 10
2 12
2 12
2 13
2 13
2 25
2 25
2 26
2 26
2 31
2 31
3 15
3 15
3 16
3 16
3 16
3 16
3 18
3 18
3 28
3 28
3 29
3 29
3 30
3 30
4 9
4 9
4 10
4 10
4 11
4 11
4 11
4 11
4 13
4 13
4 13
4 13
4 15
4 15
4 17
4 17
4 20
4 20
4 23
4 23
4 28
4 28
4 28
4 28
4 29
4 29
4 32
4 32
5 6
5 6
5 8
5 8
5 11
5 11
5 16
5 16
5 18
5 18
5 20
5 20
5 28
5 28
6 8
6 8
6 8
6 8
6 12
6 12
6 15
6 15
6 18
6 18
6 18
6 18
6 22
6 22
6 26
6 26
6 30
6 30
6 32
6 32
7 12
7 12
7 13
7 13
7 18
7 18
7 19
7 19
7 22
7 22
7 30
7 30
8 11
8 11
8 15
8 15
8 20
8 20
8 22
8 22
8 24
8 24
8 26
8 26
8 28
8 28
8 28
8 28
8 29
8 29
9 13
9 13
9 14
9 14
9 15
9 15
9 16
9 16
9 18
9 18
9 26
9 26
9 31
9 31
9 32
9 32
10 12
10 12
10 12
10 12
10 15
10 15
10 16
10 16
10 20
10 20
10 21
10 21
10 25
10 25
10 25
10 25
10 27
10 27
10 27
10 27
10 29
10 29
10 31
10 31
11 12
11 12
11 12
11 12
11 22
11 22
11 23
11 23
11 26
11 26
11 27
11 27
11 29
11 29
11 30
11 30
12 18
12 18
12 26
12 26
12 30
12 30
12 31
12 31
12 32
12 32
13 14
13 14
13 14
13 14
13 17
13 17
13 21
13 21
13 23
13 23
13 29
13 29
14 29
14 29
14 31
14 31
14 31
14 31
15 21
15 21
15 23
15 23
15 25
15 25
15 25
15 25
15 27
15 27
15 31
15 31
15 32
15 32
16 18
16 18
16 22
16 22
16 27
16 27
16 28
16 28
16 30
16 30
16 31
16 31
16 32
16 32
17 19
17 19
17 21
17 21
17 27
17 27
17 29
17 29
17 31
17 31
18 23
18 23
18 23
18 23
18 24
18 24
18 30
18 30
18 30
18 30
18 32
18 32
19 28
19 28
19 32
19 32
20 21
20 21
20 21
20 21
20 26
20 26
20 28
20 28
21 22
21 22
21 23
21 23
21 24
21 24
21 29
21 29
22 23
22 23
22 31
22 31
22 32
22 32
22 32
22 32
23 24
23 24
23 26
23 26
23 28
23 28
23 30
23 30
23 31
23 31
23 32
23 32
24 27
24 27
24 29
24 29
25 29
25 29
25 31
25 31
25 32
25 32
26 30
26 30
26 30
26 30
27 28
27 28
27 29
27 29
27 32
27 32
28 31
28 31
29 30
29 30
30 31
30 31
17 199
0 1
0 2
0 2
0 3
0 3
0 3
0 4
0 4
0 5
0 6
0 6
0 7
0 7
0 7
0 8
0 8
0 8
0 9
0 9
0 9
0 10
0 10
0 11
0 11
0 12
0 12
0 13
0 13
0 13
0 14
0 14
0 14
0 15
0 15
0 16
0 16
0 16
1 2
1 2
1 3
1 3
1 3
1 4
1 5
1 8
1 9
1 9
1 10
1 10
1 10
1 11
1 11
1 12
1 12
1 12
1 13
1 13
1 15
1 15
2 3
2 4
2 6
2 6
2 7
2 7
2 7
2 8
2 8
2 11
2 12
2 12
2 14
2 14
2 14
2 15
2 15
2 16
2 16
2 16
3 8
3 8
3 10
3 10
3 10
3 11
3 11
3 12
3 12
3 14
3 15
4 6
4 6
4 7
4 8
4 9
4 9
4 10
4 10
4 13
4 13
4 13
4 14
4 15
4 15
4 16
4 16
5 6
5 6
5 7
5 7
5 7
5 8
5 8
5 12
5 12
5 13
5 13
5 13
5 14
5 14
5 14
5 15
5 16
5 16
6 7
6 7
6 7
6 8
6 10
6 11
6 12
6 12
6 12
6 14
6 14
6 15
6 15
6 15
6 16
6 16
6 16
7 8
7 9
7 10
7 10
7 11
7 11
7 12
7 12
7 14
7 14
7 15
7 15
7 16
7 16
7 16
8 9
8 9
8 9
8 10
8 10
8 10
8 12
8 13
8 15
9 10
9 11
9 11
9 11
9 12
9 12
9 12
9 13
9 14
9 16
10 12
10 12
10 13
10 13
10 13
10 14
10 14
11 12
11 12
11 12
11 13
11 16
12 15
12 15
12 15
12 16
12 16
12 16
13 14
13 15
13 16
14 15
14 16
14 16
6 19
0 1
0 1
0 1
0 2
0 3
0 3
0 4
0 4
0 4
0 5
0 5
0 5
1 2
1 2
1 3
2 5
3 5
3 5
4 5
41 582
0 1
0 1
0 2
0 2
0 3
0 3
0 4
0 4
0 5
0 5
0 6
0 6
0 7
0 7
0 8
0 8
0 9
0 9
0 10
0 10
0 11
0 11
0 12
0 12
0 13
0 13
0 14
0 14
0 15
0 15
0 16
0 16
0 17
0 17
0 18
0 18
0 19
0 19
0 20
0 20
0 21
0 21
0 22
0 22
0 23
0 23
0 24
0 24
0 25
0 25
0 26
0 26
0 27
0 27
0 28
0 28
0 29
0 29
0 30
0 30
0 31
0 31
0 32
0 32
0 33
0 33
0 34
0 34
0 35
0 35
0 36
0 36
0 37
0 37
0 38
0 38
0 39
0 39
0 40
0 40
1 2
1 2
1 6
1 6
1 6
1 6
1 10
1 10
1 12
1 12
1 12
1 12
1 13
1 13
1 18
1 18
1 23
1 23
1 25
1 25
1 30
1 30
1 35
1 35
1 36
1 36
1 39
1 39
1 40
1 40
2 4
2 4
2 5
2 5
2 12
2 12
2 14
2 14
2 14
2 14
2 15
2 15
2 20
2 20
2 21
2 21
2 25
2 25
2 27
2 27
2 28
2 28
2 36
2 36
2 37
2 37
2 37
2 37
2 40
2 40
3 10
3 10
3 12
3 12
3 22
3 22
3 23
3 23
3 26
3 26
3 31
3 31
3 32
3 32
3 33
3 33
3 34
3 34
3 38
3 38
4 11
4 11
4 14
4 14
4 16
4 16
4 22
4 22
4 25
4 25
4 37
4 37
4 37
4 37
5 11
5 11
5 12
5 12
5 14
5 14
5 16
5 16
5 20
5 20
5 21
5 21
5 22
5 22
5 24
5 24
5 29
5 29
5 29
5 29
5 30
5 30
5 30
5 30
5 32
5 32
5 32
5 32
5 37
5 37
5 39
5 39
5 39
5 39
5 40
5 40
6 10
6 10
6 23
6 23
6 31
6 31
6 33
6 33
7 10
7 10
7 15
7 15
7 20
7 20
7 23
7 23
7 23
7 23
7 25
7 25
7 28
7 28
7 29
7 29
7 34
7 34
7 35
7 35
7 36
7 36
8 10
8 10
8 11
8 11
8 12
8 12
8 18
8 18
8 21
8 21
8 26
8 26
8 31
8 31
8 33
8 33
8 34
8 34
8 37
8 37
8 39
8 39
9 15
9 15
9 19
9 19
9 19
9 19
9 20
9 20
9 20
9 20
9 22
9 22
9 26
9 26
9 40
9 40
9 40
9 40
10 11
10 11
10 15
10 15
10 15
10 15
10 28
10 28
10 30
10 30
10 33
10 33
10 33
10 33
10 34
10 34
10 34
10 34
10 39
10 39
11 19
11 19
11 27
11 27
11 28
11 28
11 28
11 28
11 29
11 29
11 36
11 36
12 14
12 14
12 16
12 16
12 16
12 16
12 19
12 19
12 20
12 20
12 22
12 22
12 25
12 25
12 28
12 28
12 31
12 31
12 32
12 32
12 33
12 33
12 37
12 37
13 15
13 15
13 17
13 17
13 19
13 19
13 23
13 23
13 26
13 26
13 35
13 35
13 35
13 35
13 37
13 37
13 39
13 39
14 19
14 19
14 20
14 20
14 20
14 20
14 23
14 23
14 25
14 25
14 26
14 26
14 27
14 27
14 33
14 33
14 37
14 37
15 16
15 16
15 22
15 22
15 22
15 22
15 24
15 24
15 25
15 25
15 26
15 26
15 26
15 26
15 28
15 28
15 29
15 29
15 30
15 30
15 34
15 34
15 39
15 39
16 18
16 18
16 19
16 19
16 24
16 24
16 27
16 27
16 29
16 29
17 18
17 18
17 19
17 19
17 20
17 20
17 23
17 23
17 24
17 24
17 25
17 25
17 28
17 28
17 29
17 29
17 29
17 29
17 30
17 30
17 30
17 30
17 35
17 35
18 22
18 22
18 29
18 29
18 29
18 29
18 30
18 30
18 36
18 36
18 36
18 36
19 23
19 23
19 26
19 26
19 28
19 28
19 29
19 29
19 29
19 29
19 39
19 39
20 22
20 22
20 28
20 28
20 33
20 33
20 33
20 33
20 40
20 40
21 22
21 22
21 22
21 22
21 25
21 25
21 25
21 25
21 26
21 26
21 27
21 27
21 28
21 28
21 30
21 30
21 30
21 30
21 33
21 33
21 35
21 35
21 37
21 37
21 37
21 37
22 24
22 24
22 26
22 26
22 27
22 27
22 28
22 28
22 29
22 29
22 32
22 32
22 39
22 39
23 26
23 26
23 27
23 27
23 37
23 37
24 25
24 25
24 27
24 27
24 28
24 28
24 30
24 30
24 32
24 32
24 33
24 33
24 34
24 34
25 26
25 26
25 30
25 30
25 30
25 30
25 36
25 36
25 38
25 38
26 28
26 28
26 29
26 29
26 33
26 33
26 37
26 37
27 31
27 31
27 35
27 35
27 37
27 37
27 38
27 38
28 30
28 30
28 32
28 32
28 39
28 39
28 40
28 40
29 30
29 30
31 36
31 36
31 37
31 37
32 33
32 33
32 33
32 33
32 36
32 36
32 37
32 37
33 39
33 39
37 38
37 38
37 39
37 39
37 39
37 39
37 40
37 40
