Test 1 flag 1 : Euler path(exec time = 3.00msec)
7
0
1
0
2
0
3
1
3
2
3
0
4
1
4
2
4
3
4
0
5
1
5
3
5
4
5
0
6
2
6
5
6
0
7
1
7
1
7
0
8
4
8
5
8
6
8
0
9
1
9
2
9
4
9
0
10
3
10
4
10
5
10
9
10
0
11
7
11
8
11
9
11
9
11
10
11
0
12
1
12
2
12
2
12
3
12
5
12
9
12
9
12
11
12
0
13
2
13
0
14
2
14
6
14
7
14
8
14
10
14
0
Test 2 flag 0 : Euler cycle(exec time = 8.00msec)
0
1
0
2
0
3
0
4
0
5
0
6
5
6
0
7
0
8
1
8
5
8
6
8
6
8
0
9
4
9
0
10
2
10
4
10
0
11
1
11
4
11
4
11
5
11
8
11
0
12
1
12
2
12
6
12
7
12
10
12
10
12
11
12
11
12
0
13
2
13
4
13
4
13
7
13
9
13
0
14
1
14
1
14
9
14
13
14
13
14
0
15
3
15
4
15
6
15
8
15
9
15
10
15
0
16
3
16
3
16
5
16
9
16
10
16
0
17
4
17
13
17
0
18
1
18
3
18
5
18
6
18
6
18
7
18
9
18
12
18
16
18
0
19
7
19
17
19
0
20
4
20
5
20
8
20
10
20
0
21
1
21
10
21
13
21
15
21
17
21
20
21
20
21
0
22
6
22
7
22
8
22
11
22
16
22
21
22
0
23
4
23
11
23
13
23
15
23
18
23
18
23
21
23
22
23
0
24
8
24
18
24
21
24
23
24
0
25
1
25
2
25
10
25
10
25
15
25
15
25
0
26
2
26
6
26
8
26
9
26
11
26
12
26
20
26
23
26
0
27
10
27
10
27
11
27
15
27
16
27
17
27
24
27
0
28
3
28
4
28
4
28
5
28
8
28
8
28
16
28
19
28
20
28
23
28
27
28
0
29
3
29
4
29
8
29
10
29
11
29
13
29
14
29
17
29
21
29
24
29
25
29
27
29
0
30
1
30
3
30
6
30
7
30
11
30
12
30
16
30
18
30
18
30
23
30
26
30
26
30
29
30
0
31
1
31
1
31
2
31
9
31
10
31
12
31
14
31
14
31
15
31
16
31
17
31
22
31
23
31
25
31
28
31
30
31
0
32
1
32
4
32
6
32
9
32
12
32
15
32
16
32
18
32
19
32
22
32
22
32
23
32
25
32
27
32
0
Test 3 flag 2 : Graph is not Eulerian(exec time = 0.00msec)
Test 4 flag 1 : Euler path(exec time = 0.00msec)
5
0
1
0
1
2
0
3
0
4
0
5
2
1
3
5
0
4
5
3
Test 5 flag 0 : Euler cycle(exec time = 5.00msec)
0
1
0
2
1
2
0
3
0
4
2
4
0
5
2
5
0
6
1
6
1
6
0
7
0
8
0
9
0
10
1
10
3
10
6
10
7
10
8
10
0
11
4
11
5
11
8
11
10
11
0
12
1
12
1
12
2
12
3
12
5
12
8
12
0
13
1
13
0
14
2
14
2
14
4
14
5
14
12
14
0
15
2
15
7
15
9
15
10
15
10
15
13
15
0
16
4
16
5
16
12
16
12
16
15
16
0
17
13
17
0
18
1
18
8
18
16
18
17
18
0
19
9
19
9
19
11
19
12
19
13
19
14
19
16
19
17
19
0
20
2
20
5
20
7
20
9
20
9
20
12
20
14
20
14
20
17
20
0
21
2
21
5
21
8
21
0
22
3
22
4
22
5
22
9
22
12
22
15
22
15
22
18
22
20
22
21
22
21
22
0
23
1
23
3
23
6
23
7
23
7
23
13
23
14
23
17
23
19
23
0
24
5
24
15
24
16
24
17
24
22
24
0
25
1
25
2
25
4
25
7
25
12
25
14
25
15
25
17
25
21
25
21
25
24
25
0
26
3
26
8
26
9
26
13
26
14
26
15
26
15
26
19
26
21
26
22
26
23
26
25
26
0
27
2
27
11
27
14
27
16
27
21
27
22
27
23
27
24
27
0
28
2
28
7
28
10
28
11
28
11
28
12
28
15
28
17
28
19
28
20
28
21
28
22
28
24
28
26
28
0
29
5
29
5
29
7
29
11
29
15
29
16
29
17
29
17
29
18
29
18
29
19
29
19
29
22
29
26
29
0
30
1
30
5
30
5
30
10
30
15
30
17
30
17
30
18
30
21
30
21
30
24
30
25
30
25
30
28
30
29
30
0
31
3
31
6
31
8
31
12
31
27
31
0
32
3
32
5
32
5
32
12
32
22
32
24
32
28
32
0
33
3
33
6
33
8
33
10
33
10
33
12
33
14
33
20
33
20
33
21
33
24
33
26
33
32
33
32
33
0
34
3
34
7
34
8
34
10
34
10
34
15
34
24
34
0
35
1
35
7
35
13
35
13
35
17
35
21
35
27
35
0
36
1
36
2
36
7
36
11
36
18
36
18
36
25
36
31
36
32
36
0
37
2
37
2
37
4
37
4
37
5
37
8
37
12
37
13
37
14
37
21
37
21
37
23
37
26
37
27
37
31
37
32
37
0
38
3
38
25
38
27
38
37
38
0
39
1
39
5
39
5
39
8
39
10
39
13
39
15
39
19
39
22
39
28
39
33
39
37
39
37
39
0
40
1
40
2
40
5
40
9
40
9
40
20
40
28
40
37
40
0
