3
12 27 5
0 1 232
1 2 148
2 3 22
3 4 216
4 5 340
5 6 140
6 7 110
7 8 234
8 9 56
9 10 372
10 11 48
11 0 64
10 7 297
3 6 76
5 1 56
8 10 285
2 10 148
9 5 40
8 4 46
4 1 54
8 3 192
4 9 90
9 2 19
0 8 54
6 4 56
0 6 36
1 7 60
48 150 4
0 1 84
1 2 204
2 3 15
3 4 150
4 5 264
5 6 5
6 7 28
7 8 36
8 9 67
9 10 120
10 11 27
11 12 144
12 13 180
13 14 25
14 15 264
15 16 166
16 17 80
17 18 75
18 19 8
19 20 170
20 21 62
21 22 150
22 23 4
23 24 52
24 25 99
25 26 198
26 27 198
27 28 52
28 29 216
29 30 84
30 31 198
31 32 225
32 33 195
33 34 90
34 35 308
35 36 252
36 37 288
37 38 45
38 39 258
39 40 68
40 41 288
41 42 16
42 43 67
43 44 52
44 45 56
45 46 136
46 47 6
47 0 292
7 9 291
32 7 60
40 21 53
1 19 59
9 20 31
44 31 98
18 1 144
44 40 50
45 15 135
26 4 64
25 11 188
16 19 105
21 15 72
31 7 208
43 9 138
30 5 184
27 11 64
36 11 352
10 35 61
9 5 8
42 14 237
24 43 100
12 25 32
7 30 168
3 24 72
42 19 316
11 26 192
21 46 23
10 13 148
16 3 16
38 46 97
16 40 160
39 20 61
19 31 132
45 14 192
28 19 212
1 17 236
25 38 44
17 26 6
22 12 64
25 21 45
18 26 138
29 32 172
19 44 158
23 30 196
35 7 146
35 12 261
37 26 176
10 28 291
19 6 102
19 29 102
14 25 72
17 34 64
16 4 58
13 18 1
0 19 87
6 17 10
21 30 236
23 15 28
30 27 156
8 0 144
17 7 108
39 12 194
18 37 28
22 38 94
10 19 33
45 36 198
45 21 23
33 36 99
21 37 360
32 41 308
31 4 348
42 24 136
32 27 117
32 18 26
44 26 72
17 8 142
47 5 70
29 10 76
21 33 182
24 12 192
32 21 78
41 9 152
0 2 4
39 8 12
20 16 63
45 6 153
46 27 172
25 0 171
41 15 198
24 0 44
32 43 160
36 8 264
14 10 48
1 27 228
29 9 170
43 3 86
19 40 74
40 14 61
41 13 138
36 10 100
7 1 69
256 917 30
0 1 57
1 2 54
2 3 33
3 4 124
4 5 10
5 6 3
6 7 58
7 8 9
8 9 3
9 10 108
10 11 267
11 12 84
12 13 81
13 14 42
14 15 4
15 16 70
16 17 104
17 18 44
18 19 4
19 20 165
20 21 196
21 22 100
22 23 84
23 24 108
24 25 240
25 26 297
26 27 332
27 28 102
28 29 44
29 30 81
30 31 65
31 32 48
32 33 17
33 34 232
34 35 40
35 36 12
36 37 116
37 38 194
38 39 108
39 40 84
40 41 168
41 42 72
42 43 68
43 44 288
44 45 120
45 46 280
46 47 96
47 48 219
48 49 45
49 50 37
50 51 42
51 52 180
52 53 88
53 54 30
54 55 219
55 56 130
56 57 72
57 58 273
58 59 70
59 60 39
60 61 72
61 62 60
62 63 328
63 64 154
64 65 96
65 66 115
66 67 123
67 68 108
68 69 57
69 70 21
70 71 126
71 72 316
72 73 48
73 74 21
74 75 87
75 76 54
76 77 63
77 78 63
78 79 255
79 80 36
80 81 252
81 82 40
82 83 312
83 84 49
84 85 280
85 86 120
86 87 45
87 88 98
88 89 84
89 90 196
90 91 18
91 92 34
92 93 166
93 94 23
94 95 40
95 96 3
96 97 82
97 98 76
98 99 32
99 100 279
100 101 150
101 102 156
102 103 51
103 104 76
104 105 324
105 106 94
106 107 83
107 108 12
108 109 92
109 110 159
110 111 196
111 112 55
112 113 8
113 114 111
114 115 396
115 116 56
116 117 328
117 118 55
118 119 228
119 120 246
120 121 140
121 122 89
122 123 280
123 124 236
124 125 40
125 126 14
126 127 48
127 128 66
128 129 44
129 130 189
130 131 156
131 132 380
132 133 261
133 134 37
134 135 88
135 136 219
136 137 182
137 138 108
138 139 156
139 140 57
140 141 25
141 142 92
142 143 51
143 144 176
144 145 246
145 146 9
146 147 108
147 148 172
148 149 297
149 150 201
150 151 132
151 152 40
152 153 234
153 154 96
154 155 48
155 156 57
156 157 122
157 158 196
158 159 260
159 160 46
160 161 70
161 162 87
162 163 244
163 164 61
164 165 3
165 166 95
166 167 108
167 168 36
168 169 12
169 170 120
170 171 15
171 172 28
172 173 213
173 174 124
174 175 138
175 176 384
176 177 48
177 178 123
178 179 108
179 180 157
180 181 157
181 182 106
182 183 4
183 184 62
184 185 164
185 186 39
186 187 164
187 188 60
188 189 240
189 190 117
190 191 156
191 192 4
192 193 105
193 194 61
194 195 252
195 196 4
196 197 42
197 198 291
198 199 160
199 200 256
200 201 33
201 202 114
202 203 110
203 204 104
204 205 184
205 206 51
206 207 204
207 208 184
208 209 108
209 210 208
210 211 54
211 212 132
212 213 66
213 214 268
214 215 118
215 216 51
216 217 45
217 218 195
218 219 96
219 220 216
220 221 158
221 222 10
222 223 5
223 224 40
224 225 84
225 226 136
226 227 80
227 228 72
228 229 69
229 230 316
230 231 2
231 232 19
232 233 36
233 234 47
234 235 33
235 236 198
236 237 144
237 238 244
238 239 19
239 240 210
240 241 194
241 242 276
242 243 40
243 244 80
244 245 190
245 246 166
246 247 90
247 248 13
248 249 36
249 250 62
250 251 171
251 252 6
252 253 20
253 254 284
254 255 72
255 0 392
175 122 93
82 17 188
49 44 328
217 227 72
190 178 178
248 177 135
25 154 184
153 8 264
163 141 120
74 146 29
114 29 116
237 245 96
162 190 75
240 17 129
65 232 69
132 105 219
15 136 85
227 113 7
22 169 368
25 66 180
142 196 153
136 246 53
168 13 126
33 17 183
238 189 92
200 49 39
143 22 31
76 56 236
247 161 44
157 173 123
163 187 80
57 96 94
52 79 220
232 77 356
194 229 84
169 195 141
114 220 42
236 198 47
75 243 48
1 177 76
69 15 52
209 32 9
163 56 240
204 12 116
131 228 32
34 56 12
180 120 36
54 204 156
199 12 84
80 64 30
105 110 94
145 124 255
240 106 294
45 62 328
51 73 46
212 187 384
159 152 372
113 137 7
135 43 6
23 188 6
188 97 2
56 80 50
94 168 380
25 199 75
241 68 188
130 18 134
179 77 192
186 181 148
45 247 78
179 39 156
9 23 162
129 119 64
35 226 308
16 53 42
227 247 36
23 144 70
201 160 78
72 188 144
73 84 132
202 151 81
218 129 128
232 139 7
74 137 192
11 182 106
84 10 85
229 72 150
116 99 231
240 45 33
250 116 54
23 237 182
94 165 128
178 208 304
211 41 174
184 69 53
30 132 80
48 132 88
169 74 57
233 115 64
211 42 82
107 198 50
139 44 78
45 107 297
29 55 73
9 37 304
75 214 29
236 119 152
160 59 72
210 195 142
1 133 328
242 179 12
133 62 82
53 216 198
135 40 150
237 145 91
249 57 111
196 47 53
250 228 178
242 86 194
171 154 49
180 166 4
63 145 75
249 155 66
82 196 44
94 178 80
124 59 144
92 206 6
37 140 52
192 217 196
155 162 192
92 174 176
97 189 102
253 55 3
203 186 243
157 210 53
199 149 179
217 250 126
254 44 255
165 35 12
28 69 231
62 229 270
107 211 186
96 93 300
167 117 396
186 209 62
14 64 24
159 146 120
182 190 90
254 39 320
35 54 94
148 167 165
25 46 99
96 103 94
175 47 44
87 213 252
165 200 268
90 164 268
247 213 150
101 42 118
178 2 312
9 6 10
7 138 89
28 5 31
158 69 162
175 71 36
45 225 51
64 157 24
72 111 156
49 54 150
123 34 66
121 123 62
150 84 182
154 55 69
72 202 5
211 251 292
239 57 27
150 193 279
175 9 63
60 207 110
193 88 27
248 222 60
14 66 116
9 124 5
253 96 75
52 175 156
137 142 29
114 219 45
150 242 44
133 58 54
17 153 2
6 36 198
45 68 3
103 183 10
201 2 324
193 54 170
241 226 87
88 11 82
223 8 54
82 25 50
2 251 60
170 190 162
78 169 176
38 248 12
215 171 360
137 204 100
158 203 186
10 232 83
170 195 60
6 135 66
91 72 48
242 149 16
252 71 98
147 19 336
151 111 156
113 190 52
13 239 57
137 235 26
101 129 8
66 182 98
101 167 296
162 91 68
95 52 82
194 228 284
78 15 158
127 5 224
34 52 30
115 68 236
87 251 59
36 92 77
204 157 66
122 228 94
211 244 129
119 44 258
132 130 26
34 104 58
88 181 35
196 16 196
243 105 222
87 134 219
64 175 272
60 250 108
195 205 3
43 134 138
113 174 320
39 155 31
86 212 99
123 145 97
220 71 160
83 181 308
174 85 93
215 94 60
87 177 137
255 114 130
179 22 201
169 43 69
163 45 36
233 27 32
5 177 168
160 110 176
228 209 66
80 112 288
235 214 192
46 79 117
32 5 40
121 33 48
207 199 58
11 40 67
195 7 36
46 85 96
188 220 84
176 12 13
30 104 44
58 39 130
231 0 84
221 61 248
227 140 244
238 36 174
35 49 64
20 180 280
171 46 138
159 206 83
107 4 49
27 157 70
113 218 87
37 28 92
92 31 192
126 217 84
20 113 216
94 248 18
184 190 160
11 122 234
216 169 114
169 192 118
229 47 28
84 74 279
229 138 2
108 197 88
107 85 84
48 69 45
199 242 236
143 207 152
122 41 141
58 26 10
237 17 336
254 150 267
98 52 84
81 174 144
42 238 280
43 74 126
24 22 19
23 153 15
55 224 88
137 13 15
184 2 171
114 167 110
46 22 144
18 116 344
254 64 340
13 88 104
194 10 184
203 170 180
216 96 216
65 36 208
25 205 172
166 47 56
132 40 5
7 250 10
157 174 98
56 83 56
8 75 177
86 21 249
207 173 91
31 25 84
231 54 195
81 91 165
221 103 146
199 24 24
133 19 84
30 78 1
118 194 236
196 127 279
190 158 49
81 177 81
213 144 117
27 185 216
208 166 164
4 185 84
215 184 194
151 232 132
217 75 153
84 145 38
126 181 150
71 95 84
94 130 24
224 215 156
112 23 93
254 38 50
197 149 105
77 29 204
118 0 24
210 122 60
219 161 10
196 105 13
253 168 16
158 74 192
78 22 72
114 181 96
152 218 105
128 187 24
52 58 28
7 111 352
124 117 71
91 166 252
130 167 78
56 250 93
3 236 21
150 200 178
61 44 128
41 199 14
91 201 69
174 96 273
84 206 192
18 31 72
153 183 56
111 4 180
60 31 31
130 38 98
3 133 177
95 155 100
187 81 136
99 156 150
206 18 45
107 229 27
24 10 171
67 91 392
247 236 108
98 241 17
161 228 24
212 204 60
187 216 114
119 166 196
39 238 172
106 112 372
29 78 60
195 59 10
125 41 39
128 88 108
99 250 34
193 190 258
252 11 40
52 173 80
153 59 141
208 145 308
2 0 388
198 41 55
180 232 368
111 228 232
28 156 189
209 134 99
22 77 204
39 138 220
65 104 90
61 83 148
255 29 2
146 56 162
226 5 16
106 63 112
97 8 174
31 40 111
208 126 85
184 174 352
143 148 99
188 9 166
129 241 97
73 183 31
191 154 56
96 124 146
142 19 219
131 168 190
143 200 52
130 152 30
54 171 8
146 127 2
125 29 207
159 103 182
218 18 128
227 114 304
110 112 10
184 102 282
127 185 212
170 104 69
40 234 86
209 8 232
79 163 69
94 126 58
216 135 74
115 51 255
24 230 20
56 132 14
141 154 94
43 194 146
204 46 23
183 125 33
186 70 50
9 2 178
255 58 200
31 34 27
184 5 16
33 53 117
108 94 61
245 95 225
66 36 54
14 18 168
113 255 82
132 212 68
247 69 76
106 67 18
142 26 68
92 86 150
87 229 14
234 190 114
205 108 260
215 178 118
249 12 28
206 141 148
113 210 46
53 101 84
39 62 75
159 249 72
37 230 63
5 241 144
8 30 64
249 133 58
58 250 64
75 24 117
38 139 11
223 206 108
237 187 130
1 147 141
91 119 90
249 96 56
25 20 8
223 185 376
36 235 236
177 123 267
125 71 2
163 212 90
35 130 336
182 147 276
62 106 8
140 162 92
157 233 53
123 208 46
98 230 172
224 212 324
252 102 153
182 143 114
86 247 352
103 146 52
105 47 30
197 141 24
188 7 59
79 243 126
195 139 75
53 34 66
202 251 63
159 252 147
63 215 364
154 160 34
207 234 42
84 215 216
56 206 90
143 175 44
88 178 104
80 101 270
138 91 77
215 136 7
51 105 44
212 92 148
152 220 93
216 125 78
243 214 84
10 196 102
197 162 212
27 110 285
109 246 57
250 117 108
206 85 100
62 120 90
154 178 128
35 14 279
66 187 49
55 110 80
178 156 33
109 65 356
30 234 100
12 8 36
27 63 183
105 24 76
184 61 27
86 144 212
243 137 344
174 222 32
96 23 1
236 110 249
18 24 79
223 241 76
186 211 34
220 183 1
117 189 65
14 142 81
232 182 192
106 230 116
215 70 45
229 51 120
243 38 128
229 147 216
244 2 38
246 177 140
232 125 176
191 233 372
203 118 138
87 137 170
13 39 59
29 217 256
118 31 340
213 13 64
8 32 282
243 153 70
248 214 12
123 63 52
142 187 148
21 213 40
217 243 252
100 72 75
162 115 82
148 225 94
158 105 139
50 199 48
231 216 69
65 198 156
173 131 124
138 78 192
41 13 12
51 191 46
211 94 8
147 227 376
213 73 276
69 188 26
191 107 212
123 129 285
124 86 111
149 227 4
133 239 147
243 148 69
84 20 255
7 10 55
28 130 168
174 129 276
183 246 54
192 63 90
224 147 99
229 27 12
162 132 232
171 64 25
16 226 57
214 47 208
55 216 22
248 3 89
81 5 71
65 249 86
60 33 94
151 47 288
42 228 147
233 172 108
153 35 162
193 161 98
134 61 56
25 238 138
221 181 148
112 232 200
53 32 24
29 90 76
186 66 312
226 202 186
106 116 52
196 253 195
133 72 76
26 189 39
62 112 160
229 217 384
95 110 50
44 35 159
215 101 147
111 36 352
187 61 33
148 237 188
247 10 237
237 220 90
125 190 64
57 3 120
37 168 201